# CPUID profile for the U907 PMU expected-value cases (cases_sysmsr_pmu.txt, agent sysmsr): the i5-13600K
# capture (cpuid_i5-13600k.txt) with leaf 0AH replaced by an architectural PMU version 4 - 8 general-purpose
# counters of 48 bits, 3 fixed counters of 48 bits, AnyThread deprecated (EDX[15]) - an emulated configuration,
# not a measurement. Used with --no-strict (the MAX model's features stay). leaf subleaf eax ebx ecx edx (hex)
00000000 00 00000020 756E6547 6C65746E 49656E69
00000001 00 000B0671 05040800 7FFA3223 1F8BFBFF
00000002 00 00FEFF01 000000F0 00000000 00000000
00000003 00 00000000 00000000 00000000 00000000
00000004 00 0C000121 02C0003F 0000003F 00000000
00000004 01 0C000122 01C0003F 0000003F 00000000
00000004 02 0C000143 03C0003F 000007FF 00000000
00000004 03 0C00C163 02C0003F 00007FFF 00000004
00000004 04 0C000000 00000000 00000000 00000000
00000005 00 00000000 00000000 00000000 00000000
00000006 00 00000004 00000000 00000000 00000000
00000007 00 00000002 219C27EB 9840078C BC004410
00000007 01 00000810 00000000 00000000 00000000
00000007 02 00000000 00000000 00000000 0000001F
00000008 00 00000000 00000000 00000000 00000000
00000009 00 00000000 00000000 00000000 00000000
0000000A 00 07300804 00000000 00000000 00008603
0000000B 00 00000000 00000001 00000100 00000005
0000000B 01 00000002 00000004 00000201 00000005
0000000B 02 00000000 00000000 00000002 00000005
0000000C 00 00000000 00000000 00000000 00000000
0000000D 00 00000207 00000340 00000A88 00000000
0000000D 01 0000000F 00000350 00001800 00000000
0000000D 02 00000100 00000240 00000000 00000000
0000000D 03 00000000 00000000 00000000 00000000
0000000D 04 00000000 00000000 00000000 00000000
0000000D 05 00000000 00000000 00000000 00000000
0000000D 06 00000000 00000000 00000000 00000000
0000000D 07 00000000 00000000 00000000 00000000
0000000D 08 00000000 00000000 00000000 00000000
0000000D 09 00000008 00000A80 00000000 00000000
0000000D 0A 00000000 00000000 00000000 00000000
0000000D 0B 00000010 00000000 00000001 00000000
0000000D 0C 00000018 00000000 00000001 00000000
0000000D 0D 00000000 00000000 00000000 00000000
0000000D 0E 00000000 00000000 00000000 00000000
0000000D 0F 00000000 00000000 00000000 00000000
0000000D 10 00000000 00000000 00000000 00000000
0000000D 11 00000000 00000000 00000000 00000000
0000000D 12 00000000 00000000 00000000 00000000
0000000D 13 00000000 00000000 00000000 00000000
0000000E 00 00000000 00000000 00000000 00000000
0000000F 00 00000000 00000000 00000000 00000000
0000000F 01 00000000 00000000 00000000 00000000
00000010 00 00000000 00000000 00000000 00000000
00000010 01 00000000 00000000 00000000 00000000
00000010 02 00000000 00000000 00000000 00000000
00000010 03 00000000 00000000 00000000 00000000
00000011 00 00000000 00000000 00000000 00000000
00000012 00 00000000 00000000 00000000 00000000
00000012 01 00000000 00000000 00000000 00000000
00000012 02 00000000 00000000 00000000 00000000
00000012 03 00000000 00000000 00000000 00000000
00000013 00 00000000 00000000 00000000 00000000
00000014 00 00000000 00000000 00000000 00000000
00000014 01 00000000 00000000 00000000 00000000
00000015 00 00000000 00000000 00000000 00000000
00000016 00 00000000 00000000 00000000 00000000
00000017 00 00000000 00000000 00000000 00000000
00000017 01 00000000 00000000 00000000 00000000
00000017 02 00000000 00000000 00000000 00000000
00000017 03 00000000 00000000 00000000 00000000
00000018 00 00000000 00000000 00000000 00000000
00000018 01 00000000 00000000 00000000 00000000
00000018 02 00000000 00000000 00000000 00000000
00000018 03 00000000 00000000 00000000 00000000
00000018 04 00000000 00000000 00000000 00000000
00000018 05 00000000 00000000 00000000 00000000
00000018 06 00000000 00000000 00000000 00000000
00000018 07 00000000 00000000 00000000 00000000
00000018 08 00000000 00000000 00000000 00000000
00000019 00 00000000 00000000 00000000 00000000
0000001A 00 00000000 00000000 00000000 00000000
0000001B 00 00000000 00000000 00000000 00000000
0000001B 01 00000000 00000000 00000000 00000000
0000001C 00 00000000 00000000 00000000 00000000
0000001D 00 00000000 00000000 00000000 00000000
0000001D 01 00000000 00000000 00000000 00000000
0000001E 00 00000000 00000000 00000000 00000000
0000001F 00 00000000 00000001 00000100 00000006
0000001F 01 00000002 00000004 00000201 00000006
0000001F 02 00000000 00000000 00000002 00000006
0000001F 03 00000000 00000000 00000003 00000006
00000020 00 00000000 00000000 00000000 00000000
00000020 01 00000000 00000000 00000000 00000000
80000000 00 80000008 00000000 00000000 00000000
80000001 00 00000000 00000000 00000121 2C100800
80000002 00 68743331 6E654720 746E4920 52286C65
80000003 00 6F432029 54286572 6920294D 33312D35
80000004 00 4B303036 00000000 00000000 00000000
80000005 00 00000000 00000000 00000000 00000000
80000006 00 00000000 00000000 08007040 00000000
80000007 00 00000000 00000000 00000000 00000100
80000008 00 0000302D 00000000 00000000 00000000
